638	327	4.61
631	327	5.55
459	323	5.57
639	330	6.43
639	331	6.18
599	330	2.07
483	326	2.28
623	331	5.57
602	331	5.42
543	329	3.88
633	333	5.54
541	329	5.01
363	321	5.29
628	335	4.89
602	334	5.41
581	333	5.24
628	337	2.83
560	334	5.71
619	339	4.79
622	339	4.44
635	340	6.02
635	342	6.12
569	338	4.61
518	335	6.11
575	340	4.51
550	338	6.1
635	346	3.56
455	331	4.23
635	348	5.38
571	343	5.16
430	330	5.5
598	346	5.18
619	348	5.61
629	350	6.25
631	351	6.39
568	346	7.39
470	336	5.38
637	355	5.77
390	327	2.82
555	347	2.4
549	346	3.93
637	357	6.16
622	357	5.01
586	352	4.86
624	357	6.05
595	356	5.2
636	361	5.72
446	337	6.18
503	345	4.74
528	348	4.76
464	339	4.36
464	339	4.53
464	340	4.17
617	362	5.38
634	364	5.69
463	340	5.07
444	338	6.47
421	334	6.11
635	368	5.2
636	369	5.94
531	353	5.51
506	350	3.69
582	362	4.34
624	369	5.89
595	366	4.34
590	366	3.27
613	370	5.88
613	371	5.36
493	351	2.24
563	364	5.3
520	357	4.8
538	359	4.59
493	352	5.72
534	361	4.95
566	366	6.05
450	344	5.38
618	377	2.04
530	361	5.66
489	352	4.36
401	336	5.64
528	361	4.48
628	380	4.77
566	368	5.9
625	381	6.15
401	337	5.42
622	382	5.36
626	383	5.51
615	381	6.11
605	379	4.08
631	385	5.98
612	382	6.51
486	356	3.46
630	386	5.92
516	362	4.9
630	386	4.44
619	384	5.07
555	372	4.53
596	381	5.55
596	381	7.1
627	388	5.17
401	337	5.09
516	364	5.24
631	393	4.78
429	345	6.67
480	359	4.83
613	391	5.8
627	394	6.15
604	389	5.46
596	388	6.08
471	358	2.15
478	360	4.62
624	395	5.35
562	381	3.86
428	346	5.45
604	392	4.4
591	389	5.44
623	399	5.62
589	390	4.3
339	326	4.24
560	385	5.59
551	385	5.95
581	393	5.5
582	393	5.5
625	405	4.27
487	366	6.12
626	406	5.4
627	407	6.06
625	408	6.03
616	406	5.64
605	404	5.33
605	404	5.55
625	410	6.35
625	410	7.42
622	409	6.09
622	409	5.58
618	409	6.14
495	373	5.17
530	382	3.32
540	387	5.04
579	399	6.23
606	407	5.56
621	411	5.71
624	413	5.51
549	389	5.21
464	363	5.36
620	412	3.46
527	384	4.26
430	355	5.32
568	397	2.07
494	373	3.94
607	410	5.57
546	391	5.67
494	375	4.34
448	361	5.57
621	415	6.4
624	416	5.97
561	397	5.8
580	403	5.15
604	411	4.66
583	405	4.51
624	418	5.93
596	412	4.67
620	420	5.21
620	420	6.44
611	417	5.97
620	421	5.14
620	421	6.04
623	422	5.7
532	392	4.97
622	424	5.42
429	357	4.25
621	426	5.13
478	377	4.95
587	416	4.74
448	367	6.33
620	429	5.87
583	417	5.23
529	398	4.87
619	432	6.5
556	410	5.6
430	363	4.72
615	433	6.21
615	433	3.6
467	378	2.66
608	433	4.9
601	431	5.35
600	431	5.5
528	403	4.83
609	435	5.51
570	419	6.57
323	322	1.97
419	361	5.82
535	407	3.41
521	403	5.27
600	436	6.01
595	433	5.11
613	441	4.84
604	439	3.62
513	401	3.93
470	385	4.68
602	443	5.62
602	445	6.23
404	358	5.28
538	418	4.1
601	445	5.41
573	432	5.69
605	448	5.54
512	407	3.59
527	416	5.01
477	391	0.45
598	449	5.98
540	423	4.96
427	371	5.57
415	366	5.18
481	395	5.76
481	395	5.76
607	456	4.45
461	388	5.78
590	449	5.24
502	408	4.01
563	436	5.25
490	401	5.52
589	452	6.27
596	454	3.49
603	460	4.26
579	448	5.29
592	456	6.55
374	345	6.33
500	410	5.49
490	404	5.04
592	459	5.86
582	456	5.83
599	464	4.66
481	405	5.53
598	466	5.92
498	415	5.7
598	467	3.74
444	387	3.35
533	435	5.42
565	451	3.42
585	463	3.88
585	463	4.83
421	376	4.97
601	471	4.61
368	344	6.05
582	463	2.64
514	425	4.39
542	443	5.69
527	432	5.12
576	462	5.76
585	469	5.09
578	464	4.92
493	416	3.69
501	423	5.7
575	464	4.79
426	378	4.68
410	373	4.49
402	369	3.95
380	356	5.27
596	479	5.89
579	469	5.43
578	469	3.99
436	389	6
438	390	5.59
480	414	4.99
452	395	2.86
385	359	5.22
376	351	6.15
559	459	5.34
595	482	3.82
595	482	4.33
549	456	5.5
516	435	5.15
522	441	2.1
522	441	4.84
566	467	5.64
594	483	5.42
594	484	5.96
558	464	4.68
571	474	5.03
565	471	6.01
569	474	2.01
533	454	4.78
541	460	3
563	474	4.98
463	412	6.38
529	454	6.09
529	454	6.82
573	482	5.68
561	475	6.01
549	467	6.24
585	491	5.64
588	493	5.94
426	390	6.05
551	470	4.94
511	445	4.84
487	430	5.31
569	483	5.23
578	489	5.72
584	493	4.36
587	495	5.65
550	470	5.27
541	469	5.25
559	480	5.79
560	481	5.57
538	468	4.84
460	416	5.75
461	417	5.99
539	469	4.03
582	498	5.51
420	386	5.57
567	490	5.58
497	443	5.31
484	431	3.56
550	480	5.29
420	387	5.67
582	502	6.47
487	438	5.57
466	424	5.16
580	505	5.29
580	506	5.42
486	441	5.19
557	490	5.19
461	424	6.25
484	441	4.73
573	505	5.48
577	508	6.34
414	387	4.08
417	394	4.46
571	505	4.88
482	442	6.16
537	483	5.55
447	413	5.36
393	372	5.99
541	487	5.29
572	510	4.3
540	487	5.89
492	448	4.24
532	480	5.13
558	503	6.14
561	506	6.21
523	479	5.15
571	517	5.36
563	510	4.74
562	511	6
526	483	5.91
540	495	4.96
524	485	5.38
567	518	5.74
567	520	4.87
566	519	5.53
545	503	6.68
562	517	5.64
545	504	6.48
535	494	5.74
566	522	5.65
524	486	5.78
548	509	5.45
367	357	5.27
533	496	5.84
470	443	5.3
565	525	4.08
560	520	4.83
537	503	5.3
458	439	5.76
505	478	4.91
499	470	4.74
564	526	5.72
548	515	5.74
507	478	4.11
558	524	6.32
477	457	4.1
492	470	5.43
534	505	4.65
461	439	5.21
561	528	3.47
410	396	4.12
549	520	6.4
552	523	5.78
473	451	5.4
554	523	4.24
554	525	5.17
556	527	4.27
402	394	6.26
547	520	4.47
527	506	4.52
545	523	5.83
404	398	5.94
426	413	5.73
451	441	3.77
513	493	6.51
545	525	5.26
411	400	4.83
529	512	3.61
504	490	4.22
519	501	4.45
511	498	4.56
534	516	6.14
528	510	5.39
546	530	5.52
511	495	5.92
539	522	4.76
511	496	5.48
428	418	5.25
460	453	3.93
502	492	5.34
502	492	5.93
538	530	5.76
538	531	5.58
380	375	4.76
514	509	5.1
547	540	3.89
533	529	5.8
495	493	4.68
505	504	4.94
529	524	5.44
531	530	4.63
531	530	4.63
529	525	5.82
543	543	4.71
493	491	2.88
493	491	4.35
546	545	5.56
524	524	5.69
545	546	6.11
520	524	5.91
543	545	5.75
419	418	4.98
543	547	5.62
543	547	2.54
518	521	5.88
451	457	2.91
541	546	5.32
441	447	4.77
525	529	4.08
492	500	3.32
540	548	5.26
519	529	5.45
519	529	7
432	435	5.12
484	496	2.09
460	472	4.05
528	542	6.13
389	390	5.51
526	541	6.24
473	486	3.79
509	525	5.74
485	502	4.61
521	543	4.35
510	531	5.78
532	556	5.55
533	558	5.07
507	528	3.8
517	544	4.87
469	494	5.49
527	558	4.8
452	476	5.16
526	558	6.14
452	476	5.05
527	563	5.62
511	545	4.86
503	538	5.91
526	564	4.84
504	541	6.14
468	499	4.96
511	547	3.7
510	549	5.27
415	431	5.53
524	565	5.7
470	498	4.26
415	432	5.24
500	538	5.55
509	551	5.1
449	480	1.79
502	546	5.5
365	372	5.51
507	552	6.07
518	566	3.61
515	567	3.73
481	522	6.39
446	484	4.67
501	552	6.03
449	490	4.36
480	524	5.71
479	524	6.49
510	569	5.14
508	568	4.14
453	497	5.3
513	573	4.74
509	572	5.76
408	435	4.71
508	572	3.72
492	554	5.95
445	492	4.32
497	558	4.26
499	567	5.24
507	579	4.29
462	518	4.57
503	580	5.97
483	550	6.01
503	581	5.55
485	557	6.11
502	581	5.53
441	497	3.01
469	538	4.97
490	568	5.68
470	544	3.84
488	569	6.13
473	543	4.99
450	516	3.77
497	580	3.52
482	562	5.45
482	562	3.72
463	530	4.59
481	561	5.66
481	562	4.3
498	585	5.24
374	406	4.59
481	562	3.87
497	586	5.56
480	562	5.76
480	562	6.43
496	585	5.34
481	564	4.14
492	581	4.43
479	564	2.85
473	552	5.91
481	565	4.22
490	583	5.08
396	432	3.84
464	545	5.14
477	565	3.62
477	565	5.05
479	565	5.24
470	551	5.52
457	532	4.3
457	532	4.73
459	537	4.17
488	589	5.66
488	590	5.48
461	551	2.84
367	392	3.26
461	554	6.79
423	494	5.28
486	592	6.14
486	592	4.79
472	567	4.64
457	544	5.11
471	574	5.62
444	531	2.9
470	572	6.05
450	544	3.98
477	588	2.97
475	591	3.41
466	573	4.62
478	598	5.28
397	452	4.56
475	597	3.91
461	575	5.46
474	598	5.32
462	579	4.36
416	499	4.25
462	580	5.9
394	449	4.48
396	454	4.97
454	569	5.18
452	566	5.21
420	510	3.96
438	543	6.07
437	542	5.52
460	586	5.51
451	574	5.39
466	602	5.44
465	603	5.71
464	603	4.04
429	531	4.93
414	510	4.12
427	538	4.67
462	603	5.29
460	602	4.84
460	602	4.87
455	597	6.31
459	603	4.27
407	504	4.6
459	604	4.43
425	531	3.85
449	589	4.93
447	588	5.64
405	502	5.55
385	452	3.33
407	499	4.26
446	590	5.5
446	589	5.34
430	559	4.93
450	599	3.65
434	559	3.55
439	577	4.97
411	520	4.8
451	601	5.58
391	466	4.44
449	600	5.26
453	607	5.85
448	602	5.72
438	582	5.38
382	449	5.88
445	598	3.77
445	599	5.64
427	562	5.73
438	586	6.34
427	562	5.77
444	598	4.8
448	608	5.1
450	611	5.17
438	591	4.21
438	591	5.27
442	598	4.3
443	601	6.44
437	590	4.28
427	562	3.97
442	602	4.48
379	450	5.24
442	604	4.69
435	590	5.53
439	602	4.96
440	605	5.9
437	598	3.53
439	603	3.84
439	603	3.4
440	607	5.02
444	614	5.53
390	494	5.78
437	604	5.58
343	369	5.67
437	604	5.47
438	607	5.4
435	605	6.01
406	537	6.09
440	616	4.91
405	529	5.07
433	607	4.65
436	615	5.71
435	614	5.2
422	578	4.49
405	544	4.25
339	362	5.78
430	606	0.87
433	613	4.25
434	618	3.93
419	577	3.81
387	490	3.3
385	498	5.36
385	500	5.07
433	619	5.32
427	608	5.78
429	612	4.27
432	619	5.22
426	608	5.08
426	608	4.67
428	610	3.86
426	613	5.45
373	460	5.59
396	539	5.3
422	603	4.32
418	597	4.27
416	595	6.18
400	544	4.44
405	560	5.04
423	618	5.98
423	618	6.7
422	619	5.78
374	486	5.29
387	512	5.3
398	548	6.24
422	622	4.01
372	472	5.28
415	610	5.49
396	562	4.89
412	613	6.09
414	612	5.76
405	583	6.35
354	418	5.53
356	443	4.26
415	622	3.19
414	621	4.35
409	609	5.08
412	613	5.03
394	565	4.79
414	624	3.68
370	495	5.52
409	616	4.71
391	549	6.06
411	624	4.36
411	626	5.33
376	501	5.58
376	501	6.42
410	626	3.71
371	502	4.43
408	621	5.18
408	622	4.64
392	577	2.69
405	619	4.06
405	614	5.71
407	626	5.5
398	601	5.79
369	505	6.09
397	599	5.79
386	563	4.93
383	558	5.95
404	628	4.47
383	558	6.46
358	473	4.03
377	543	3.03
400	618	7.71
401	624	5.39
400	621	4.78
379	553	3.69
400	627	4.8
393	608	4.62
358	480	5.22
358	480	6.08
343	399	5.47
392	605	5.74
365	513	4.98
393	619	4.65
375	554	3.18
395	630	6.1
371	522	5.37
382	572	4.55
382	572	6.32
389	607	3.19
388	615	4.91
393	630	5.12
387	612	5.28
385	604	5.5
386	609	5.84
391	627	6.15
369	521	5.05
391	628	5.33
391	630	2.78
389	627	5.43
390	631	5.11
360	487	4.71
387	620	4.81
345	419	5.3
349	463	6.49
389	628	4.25
370	565	4.82
384	626	4.45
384	632	4.46
382	620	3.29
383	625	4.36
372	584	5.01
361	538	0.08
377	610	6.26
370	579	5.99
382	630	0.18
331	360	5.84
379	628	5.52
349	486	6.13
368	582	4.54
368	581	6.15
363	560	4.69
366	581	6.49
378	632	3.59
372	611	4.96
366	581	5.05
368	577	4.81
344	441	4.81
376	634	5.34
359	555	5.22
347	489	5.24
374	626	4.29
374	627	5.29
373	635	4.72
355	519	5.44
364	596	6.45
371	635	4.99
359	571	5.02
368	622	6.09
367	621	5
369	626	5.25
369	633	4.13
369	636	5.07
369	635	3.35
369	636	4.89
368	634	1.64
361	597	1.65
365	623	6.23
349	495	6.1
338	463	5.43
357	581	5.08
363	621	5.4
361	613	4.88
366	636	4.59
363	624	5.52
362	622	5.77
349	513	6.26
358	607	5.47
340	492	6.44
361	616	2.81
362	637	4.71
344	483	5.14
361	636	6.21
360	635	4.2
359	636	5.46
352	588	4.71
356	621	4.32
357	616	5.53
358	637	6.85
358	637	2.25
358	635	4.62
333	458	6.15
354	621	5.67
352	578	3.86
355	628	5.6
356	622	2.58
356	637	5.36
355	637	5.32
351	610	5.37
354	633	4.39
354	633	3.39
354	633	5.61
354	637	4.58
354	636	4.98
354	636	7.96
354	636	5.13
354	636	6.71
354	636	4.98
354	636	2.75
353	637	5.24
353	638	1.69
350	624	5.53
351	634	4.09
349	617	2.97
345	594	5.4
336	458	5.34
336	466	3.76
348	601	6.15
345	606	5.18
349	638	3.77
349	638	6.65
348	637	4.5
347	599	5.28
349	636	4.77
333	495	6.05
330	472	6.17
345	625	4.84
346	638	1.74
346	638	4.21
329	394	5.18
343	584	2.65
344	638	4.9
342	615	5.88
330	498	5.93
332	526	5.46
340	615	6.15
340	615	3.59
337	627	6
337	629	5.72
336	624	5.47
326	381	6.04
327	494	6.53
336	630	5.28
331	567	4.51
336	589	5.18
337	628	3.55
336	637	5.26
333	610	4.88
336	635	2.07
325	484	6.14
334	631	4.89
329	574	4.72
329	567	3.97
328	451	4.34
332	629	5.54
331	520	3.85
325	372	5.65
323	480	5.2
324	500	4.96
331	637	5.36
330	630	5.6
328	603	4.56
331	618	3.76
330	639	4.76
330	579	3.12
327	497	4.5
327	620	4.39
326	621	5.92
327	585	4.88
323	348	6.18
326	637	0.45
325	415	6.54
325	620	5.4
325	445	5.1
320	506	3.72
322	607	4.81
324	630	3.71
325	575	4.97
320	546	1.9
320	542	4.3
324	593	5.52
320	574	2.65
322	639	5.89
319	534	5.71
323	464	4.65
321	639	5.21
322	581	4.36
321	635	6.15
321	635	5.04
317	615	6.36
316	554	6.08
320	554	3.96
316	518	6.39
316	635	4.12
322	379	5.46
317	634	4.92
315	621	5.14
314	554	5.9
314	613	4.16
314	620	4.64
312	570	5.35
313	638	5.67
313	639	5.63
313	626	4.92
314	590	5.65
312	484	5.35
311	629	4.67
312	611	6.74
309	629	4.42
312	451	5.36
309	622	5.28
313	556	6.15
307	614	5.75
309	530	6.82
309	530	6.09
311	574	5
311	557	5.5
305	611	5.83
304	620	5.76
316	449	5.72
304	614	6.51
303	626	4.95
303	629	4.45
309	479	5.37
311	503	4.72
308	472	5.01
300	615	3.31
301	597	4.32
300	621	5.2
315	435	5.06
299	626	5.34
299	637	3.99
303	539	6.53
298	631	5.44
299	611	6.09
305	484	4.44
302	540	6.33
298	612	6.24
297	631	5.04
313	452	5.01
296	634	5.39
295	633	6.76
301	580	4.37
304	482	6.05
316	404	5.08
301	509	5.34
292	635	5.27
295	595	3.02
290	614	2.87
297	527	4.92
299	496	5.53
300	486	5.21
289	622	1.98
294	585	3.85
286	637	4.39
286	637	6.72
285	627	6.3
285	635	6.26
302	496	5.6
283	617	6.22
297	487	5.86
285	593	5.75
282	637	5.19
282	637	5.55
291	537	5.88
282	617	4.13
281	636	5.06
296	532	5.76
309	428	5.56
280	635	3.76
280	635	5.4
280	635	5.6
286	587	4.47
277	624	6.38
281	587	5.82
292	499	6.45
307	430	5.37
275	635	5.88
274	634	4.47
279	610	4.34
297	493	5.2
294	470	5.94
276	599	5.26
291	492	5.87
272	633	6.44
280	567	5.4
296	484	5.69
275	611	4.54
278	563	5.7
278	561	5.34
269	622	1.93
272	619	5.71
273	596	5.76
279	552	4.8
271	618	3.95
290	510	4.35
271	597	6.02
269	619	4.42
281	550	3.17
269	597	6.45
263	630	4.66
277	544	5.04
284	530	5.05
263	619	5.2
287	479	4.86
264	604	3.06
284	489	5.34
260	625	4.49
265	594	5.42
273	547	5.24
258	625	3.35
276	526	5.22
257	625	6.47
293	439	5.14
267	588	5.23
256	629	5.92
255	630	4.77
257	623	5.28
253	632	4.48
259	612	6.07
293	432	5.11
267	552	4.99
268	567	5.27
253	620	5.87
282	478	5.34
252	623	5.68
282	497	5.6
253	609	5.28
261	583	3.5
262	562	6.1
259	578	3.6
262	563	6.32
261	563	6.46
272	534	5.14
288	467	3.24
276	518	2.94
279	505	4.41
311	370	5.61
278	482	4.35
246	622	4.73
265	534	5.85
250	600	5.74
250	612	4.82
246	624	4.08
251	603	3.89
263	538	4.9
248	611	5.8
247	611	4.66
244	621	5
245	616	4.36
255	563	6.02
247	598	6.2
296	421	5.41
246	598	6.4
240	616	5.73
249	590	1.5
253	576	5.07
241	601	5.2
244	592	3.49
233	627	4.99
237	607	4.01
267	512	5.14
240	601	3.02
235	616	4.11
236	603	6
254	547	5.2
234	602	7.68
262	519	4.92
229	614	5.47
305	376	5.45
250	551	5.8
235	593	1.83
243	555	4.91
235	583	4.41
232	591	5.75
223	624	4.91
247	555	4.83
229	597	5.85
221	624	5.44
221	624	4.15
267	472	5.2
223	611	5.07
230	593	5.91
227	595	5.84
244	551	5.3
288	422	5.68
288	422	3.78
227	587	5.75
251	528	4.49
303	358	4.92
216	622	6.42
228	591	4.42
249	534	4.87
248	536	4.42
228	590	4.01
239	548	5.87
217	609	3.58
223	597	4.83
263	470	6.36
235	560	2.71
218	598	3.5
222	594	4.88
222	593	4.37
255	490	6.86
255	490	5.8
234	561	4.65
215	608	5.7
243	537	5.86
233	561	5.11
236	553	5.24
230	560	5.12
215	600	5.09
280	433	3.97
232	546	5.23
216	590	5.04
215	595	6.17
217	584	5.77
242	514	4.61
206	612	5.37
216	583	3.78
219	580	2.45
204	614	4.99
208	598	5.94
202	614	2.89
208	596	5.2
240	511	5.35
200	614	5.22
216	571	4.16
201	613	4.33
212	581	5.07
212	581	5.01
200	609	4.55
225	550	5.41
231	535	3.25
194	614	5.24
197	602	5.27
193	613	5.59
211	568	2.88
211	568	1.98
192	612	5.83
204	580	4.06
202	589	5.06
202	589	5.87
217	556	5.42
297	376	5.54
206	577	4.65
210	558	5.58
188	610	5.14
245	477	6.09
209	559	4.89
241	497	4.93
211	558	4.53
191	596	5.04
233	512	5.69
186	609	0.4
199	582	4.69
247	469	4.93
200	579	3.8
200	579	4.62
212	553	5.78
231	512	5.68
189	599	4.98
214	547	4.84
213	548	5.73
214	547	5.76
212	549	5.99
185	605	3.94
197	572	4.23
260	438	5.93
254	450	6.5
193	578	5.3
191	581	3.57
194	573	1.16
187	589	6.53
197	573	4.63
197	571	3.94
214	537	5.12
184	591	4.89
179	601	5.25
182	597	7.03
182	597	6.06
199	558	5.14
181	597	5.03
208	546	3.62
202	557	5.36
185	581	6.18
278	406	3.93
178	598	5.48
189	576	4.4
187	577	5.32
179	591	5.17
186	577	3.34
220	514	4.69
218	516	4.1
170	602	5.12
173	595	6.37
174	594	5.16
216	510	6.25
216	509	5.47
184	571	4.97
174	592	5.69
196	552	5.01
205	534	3.71
202	539	4.49
174	583	5.38
218	508	4.22
169	588	5.8
176	577	4.2
239	456	6.02
162	598	5.3
184	560	4.76
207	520	5.08
226	488	3.46
231	468	6.48
209	515	5.14
160	596	4.93
174	575	5.09
174	569	5.87
166	584	5.6
216	501	4.47
173	569	6.32
164	584	5.99
158	596	4.69
157	595	4.39
174	562	4.94
248	443	4.81
158	586	5.14
194	530	2.21
197	518	6.35
164	577	6.12
165	571	5.96
214	488	4.78
162	572	5.3
255	418	5.34
154	583	6.25
165	567	2.83
149	590	4.36
164	563	5.73
158	575	4.4
152	581	5.53
203	503	4.27
153	575	5.63
153	575	6.02
203	503	1.75
150	582	4.72
167	552	5.62
237	449	4.74
231	451	6.43
258	418	4.35
186	527	4.44
150	577	4.99
200	504	5.77
228	453	5.63
177	536	4.78
185	523	4.42
235	441	5.73
207	491	5.52
144	579	7.13
142	581	3.53
221	459	5.89
146	573	6.32
238	441	5.16
156	553	5.13
151	559	5.92
174	531	4.44
183	509	4.25
164	538	4.83
142	566	5.94
138	573	6.13
135	574	6.11
196	492	4.79
131	577	5.61
138	566	6.11
261	403	5.33
261	403	5.63
151	547	5.58
225	451	1.86
149	548	6.3
149	548	6.3
146	553	6.51
146	553	7.81
130	576	3.91
278	379	4.05
133	570	5.56
129	576	5.6
224	444	3.35
143	552	6.05
132	567	5.94
266	394	5.28
280	376	4.34
243	424	3.77
204	473	5.08
235	425	5.47
140	550	5.71
133	560	5.33
190	490	5.33
160	521	6.2
134	555	5.33
139	549	6.35
125	567	6.48
159	521	5.76
130	554	6.55
233	423	5.63
121	566	5.72
230	426	4.59
120	564	5.92
191	480	5.01
117	566	4.14
119	563	6.54
193	476	5.79
213	452	4.84
214	451	5.27
115	565	4.45
137	541	5.24
175	490	5.35
171	500	4.11
126	550	6.39
125	550	6.29
119	559	4.98
141	533	4.86
152	519	3.97
120	554	4.87
178	487	3.77
195	467	3.6
125	545	4.66
115	556	5.62
179	485	4.74
111	561	4.3
216	443	4.31
112	559	4.63
251	402	5.19
119	548	3.94
138	526	6.12
112	557	5.63
144	522	3.68
110	559	6.13
133	529	6.58
133	529	4.03
184	476	5.15
165	497	4.05
111	553	5.89
108	557	3.38
113	552	4.32
198	459	1.93
172	486	3.87
106	556	4.35
203	450	4.5
104	556	5.3
280	366	5.46
216	429	5.72
162	489	5.15
110	546	6.36
155	500	5.47
128	528	4.02
135	516	5.67
168	486	4.94
127	525	6.25
127	525	5.96
103	552	5.55
280	365	6.05
170	481	5.09
224	418	5.57
130	519	5.4
123	523	5.23
108	540	6.28
99	549	3.11
102	545	5.44
100	548	6.07
100	548	6.67
132	512	5.44
123	524	4.87
104	540	5.22
126	517	6.25
104	540	5.68
169	471	3.12
211	433	3.84
100	542	4.26
185	459	4.68
129	511	5.23
232	405	4.74
150	488	3.96
205	437	4.93
127	510	5.89
118	518	6.07
149	490	4.45
163	471	3.57
111	523	5.45
204	436	5.17
116	516	6.67
227	405	5.15
88	539	4.99
163	471	3.75
228	409	4
228	403	4.8
174	454	4.46
116	509	5.42
90	534	5.23
214	415	4.67
110	514	5.95
101	520	5.16
109	516	4.62
87	535	5.6
150	478	2.23
117	504	6.04
100	520	6.04
87	534	5.47
242	393	4.66
250	386	4.47
116	506	5.59
205	421	5.18
90	526	6.49
145	474	5.3
83	532	6.1
197	430	3.43
187	435	5.28
178	443	4.8
209	419	3.96
80	531	3.89
87	523	5.36
145	474	5.24
129	487	5.85
303	337	5.43
79	527	5.24
131	484	4.92
80	526	5.49
128	486	4.63
237	393	1.67
124	485	3.82
190	432	4.34
166	448	6.14
196	426	2.21
166	450	5.26
116	488	3.14
80	521	4.77
77	522	4.8
98	503	4.71
206	414	4.79
96	500	4.47
102	497	4.71
178	436	2.47
71	519	5.6
143	457	5.4
71	515	6.53
71	515	1.99
87	502	4.72
170	438	5.09
70	514	5.4
69	514	5.72
204	407	3.65
67	515	4.59
108	481	5.87
115	478	4.51
241	377	5.77
111	477	5.39
231	385	4.54
84	497	4.32
161	438	3.17
68	509	5.07
103	484	7
103	484	6.18
69	508	4.99
126	467	3.6
64	512	4.54
103	483	5.91
113	473	6.19
280	352	5.34
161	436	4.47
112	473	4.54
181	425	3.16
63	508	5.56
110	472	5.4
203	407	6.1
69	502	6.32
158	439	5.01
245	376	5.46
188	417	4.08
70	499	5.73
61	505	5
120	461	5.28
63	503	6.4
59	504	4.68
150	441	4.34
239	374	5.15
130	455	5.51
58	503	3.9
62	500	6.31
65	497	5.07
117	459	5.61
60	499	3.52
83	483	6.26
194	408	4.51
103	467	6.12
78	486	4.76
279	349	5.07
90	475	5.64
201	398	6.51
62	493	5.36
174	415	5.09
85	478	4.78
75	481	2.97
163	425	5.56
58	492	5.67
57	491	6.44
133	440	5.08
57	491	6.02
197	401	3.69
180	407	3.78
68	480	6.1
207	393	2.92
207	393	6.26
50	490	6.24
160	419	4.55
56	486	6.45
131	440	5.09
49	490	6.01
72	474	5.29
258	360	5.43
58	484	4.11
75	471	3.88
48	489	6.02
50	487	5.07
133	436	4.58
143	426	5.27
112	442	5.11
50	478	5.26
160	414	3.52
43	480	6.69
96	450	5.23
45	478	4.68
84	454	5.37
40	474	6.43
46	469	4.6
39	470	6.2
89	443	4.49
49	464	3.48
41	468	4.39
37	470	4.48
43	466	1.36
282	341	5.53
39	466	5.91
144	412	4.85
42	463	3.61
38	465	5.64
278	342	6.6
42	461	6.43
184	390	6.94
35	463	5.77
176	390	6.18
75	440	6.47
107	425	3.85
69	442	5.49
205	377	5.15
198	377	5.74
67	442	6.46
55	448	5.95
108	421	3.45
55	447	3.43
40	455	5.42
222	368	3.29
54	447	5.81
34	456	5.25
181	386	3.39
46	447	4.78
47	447	2.01
47	447	3.8
29	453	6.66
101	419	3.06
38	448	6.16
157	394	4.5
77	428	5.89
30	450	6.06
102	418	4.82
76	428	5.52
28	450	5.93
30	447	5.61
205	371	4.97
76	426	4.72
39	442	3.83
83	420	4.2
29	443	6.01
239	355	3.99
68	428	4.28
198	370	6.32
162	387	4.65
154	388	4.82
89	415	5.79
167	384	3.81
24	442	5.19
65	425	5.57
24	442	5.08
69	421	5.9
32	435	5.43
26	437	3.84
144	391	4.89
110	404	5.76
76	416	5.57
228	357	4.72
179	376	3.3
157	382	5.16
117	400	5.02
47	427	5.08
24	435	5.07
25	434	5.67
79	412	6.29
89	409	5.5
33	429	6.01
159	381	4.45
28	429	4.89
168	377	5.08
65	414	4.68
120	395	3.84
83	407	5.84
32	426	4.91
261	342	4.11
166	376	4.69
195	363	5.12
150	382	4.29
18	427	6.25
156	376	5.79
49	414	5.51
42	416	5.08
18	424	5.77
189	365	2.74
171	371	4.58
17	422	6.27
156	374	6.34
59	407	5.36
18	420	6.38
32	415	5.5
25	417	5.49
167	371	6.21
29	415	5.44
122	385	2.69
54	405	6.15
20	415	5.32
15	416	6.61
50	405	6.05
269	336	5.46
27	412	3.11
270	336	4.45
151	372	5.66
163	368	5.57
18	414	5.8
142	372	5.12
66	395	3.79
96	386	4.66
32	405	5.23
13	411	5.45
42	401	6.19
65	394	5.73
161	367	3.78
63	393	5.02
40	400	4.3
40	400	6.3
12	408	5.91
14	407	5.91
42	398	6.36
168	363	5.93
74	389	4.6
84	383	5.03
26	398	4.08
80	383	5.06
11	401	4.84
91	381	4.37
12	401	4.98
148	364	2.34
10	400	4.73
29	394	4.42
173	356	1.81
9	397	5.95
75	380	6.01
11	395	4.62
290	327	6.19
43	387	4.92
43	386	5.69
8	393	5.52
33	386	6.48
175	354	4.62
36	384	5.7
97	369	3
159	356	3.93
173	353	5.11
31	381	4.46
23	382	6.11
164	352	4.59
6	384	5.4
26	379	2.56
17	381	3.33
31	377	4.56
14	379	5.31
6	380	4.45
5	379	5.18
51	369	3.79
51	369	4.41
56	368	3.49
72	364	4.76
5	377	5.9
15	374	3.56
6	373	4.05
136	351	3.9
90	357	4.99
20	368	5.08
9	369	4
4	369	5.39
9	368	4.81
18	366	4.06
16	365	5.58
4	367	6.35
3	366	6.49
10	364	5.93
3	364	4.95
74	353	5.3
14	360	5.74
88	349	5.94
3	361	4.77
18	358	5.54
207	334	3.82
12	358	6.27
158	339	5.07
158	339	5.12
42	353	4.93
42	353	5.64
50	351	3.54
2	355	5.76
15	353	5.95
134	340	4.62
207	331	5.19
104	343	5.64
105	342	5.26
175	335	3.11
6	352	4.7
1	352	4.3
105	341	5.46
89	341	5.56
242	327	5.64
102	340	6.09
4	349	5.24
9	348	5.48
58	342	4.7
23	344	5.26
56	341	5.31
48	341	5.73
194	329	5.32
16	340	4.71
3	340	4.84
2	339	4.04
105	333	3.69
193	327	3.63
20	335	4.5
3	336	5.31
194	326	4.75
10	334	2.14
178	326	4.3
0	332	3.59
94	328	4.47
54	328	4.29
130	325	2.41
99	324	6.54
3	326	5.58
99	324	7.16
11	325	5.53
143	323	5.83
14	325	5.17
254	320	4.88
0	320	5.36
2	318	4.65
18	318	5.28
86	317	5.22
176	318	4.32
22	314	5.89
175	317	4.72
245	318	5.04
3	312	4.12
182	315	4.14
108	312	5.34
117	312	2.58
29	309	4.02
0	306	5.95
1	306	5.72
24	306	3.02
13	305	6.4
27	305	5.45
124	310	3.97
32	305	5.66
146	311	6.34
20	304	5.6
211	313	6.05
5	301	5.85
97	306	5.31
129	307	6.18
154	309	2.79
146	308	3.32
15	298	2.58
11	298	5.09
77	302	5.69
28	299	4.93
200	310	4.06
260	315	4.24
180	308	4.06
1	293	5.9
137	304	5.01
26	295	6.26
38	296	6.38
1	292	3.89
110	301	5.28
1	291	4.97
24	293	5.2
16	292	4.72
162	305	3.59
150	304	5.54
198	308	5.15
202	308	5.73
33	291	4.78
2	288	6.46
31	290	5.66
60	293	5.32
85	295	6.03
122	299	4.76
34	289	5.17
60	291	5.71
145	300	5.82
72	292	5.01
176	303	0.77
176	303	1.73
176	303	4.86
121	296	4.82
37	287	4.92
40	286	4.35
36	286	4.98
116	295	3.91
141	298	5.68
73	289	5.45
34	283	6.63
34	283	5.29
30	282	5.47
23	281	5.68
15	280	2.94
153	298	5.37
122	293	6.21
155	298	6.07
147	296	1.59
207	305	5.01
147	296	6.42
31	280	5.47
158	297	5.49
222	306	3.84
15	277	4.3
8	274	6.29
31	277	6.28
7	273	5.48
82	284	4.24
29	276	2.65
210	303	3.85
28	275	4.8
19	273	6.57
19	273	5.03
211	303	4.95
207	301	2.69
5	269	5.88
159	294	5.5
18	270	5.7
110	285	3.85
6	266	7.08
81	279	6.35
7	265	4.66
25	269	5.49
78	277	4.63
113	282	2.2
209	299	6.31
161	290	4.91
10	263	6.22
5	262	2.74
5	262	3.68
10	262	4.88
7	262	5.57
112	281	4.66
175	293	6.02
167	289	4.69
203	296	3.04
77	271	5.95
99	276	5.42
9	257	5.22
10	256	5.65
19	258	5.12
161	286	1.25
13	255	6.11
7	253	6.42
15	255	6.47
196	294	5.43
16	254	5.71
112	275	6.25
42	259	5.76
293	313	5.45
61	261	4.9
8	248	6.02
43	256	4.93
22	250	6.32
115	271	4.33
82	263	4.25
166	283	5.89
9	246	6.11
29	251	4.89
160	281	4.62
151	279	5.08
151	279	4.03
16	247	6.25
13	245	4.77
145	278	1.76
108	268	5.75
9	243	3.39
125	270	5.17
76	259	5.61
76	259	2.89
190	288	5.23
24	242	4.76
11	237	5.79
222	292	3.61
54	248	4.88
11	236	5.99
197	287	5.37
25	239	5.97
148	273	4.93
17	235	2.85
120	263	4.83
12	232	6.62
116	259	4.71
122	260	4.27
71	246	5.2
33	234	6
36	235	5.53
192	280	5.44
48	238	4.8
19	228	5.15
17	226	5.57
38	232	4.94
19	225	5.95
16	224	4.38
81	245	6.25
28	228	4.32
28	228	5.22
81	244	5.91
27	224	5.04
50	232	4.23
32	224	6.26
206	281	4.79
34	224	5.31
35	222	5.21
90	241	5.77
62	230	5.1
21	216	5.19
19	214	4.78
90	239	4.72
33	218	4.74
43	220	2.99
124	250	5.14
79	231	2.75
90	236	5.6
174	265	4.52
21	208	5.89
191	270	4.52
242	289	5.04
34	211	5.36
22	206	5.88
22	205	5.76
241	288	6.62
148	254	2.23
148	254	3.95
27	205	0.98
148	253	3.99
29	204	5.27
34	205	4.76
134	243	5.04
32	203	4.97
48	207	6.4
29	200	5.65
298	309	5.56
26	197	6.1
92	224	3.9
41	201	6.01
27	195	4.68
36	198	5.52
30	195	5.21
28	194	6.68
27	192	4.92
34	194	5.92
26	191	3.38
153	247	5.6
28	191	5.7
127	235	4.68
85	213	4.82
147	239	2.29
152	240	4.99
144	238	5.46
47	192	5.73
79	205	6.58
52	193	5.63
34	184	5.03
152	241	4.63
32	181	5.35
44	184	5.55
79	200	4.23
44	183	6.18
141	230	4.64
40	180	5.5
89	203	5.15
48	182	5.41
62	190	5.97
47	182	4.5
153	236	5.68
107	210	3.41
133	225	1.85
85	198	4.19
110	211	3.47
50	179	4.96
46	178	4.05
100	207	7.4
55	182	4.92
149	229	5.26
82	194	4.32
82	194	6.06
80	191	4.75
91	196	5.53
51	175	5.71
199	256	4.58
129	215	2.55
39	166	5.16
53	174	2.68
153	229	5.7
40	164	5.9
72	181	5.02
113	202	3.83
122	207	3.87
67	176	5.2
61	172	5.76
68	174	5.77
126	206	4.34
257	281	5.69
74	176	6.23
44	158	4.23
184	238	0.61
114	194	4.36
76	170	3.25
100	184	2.06
51	154	5.46
201	248	3.67
53	152	6.45
143	209	5.26
278	291	4.89
75	163	4.82
247	275	6.43
81	164	5.07
56	147	4.18
261	283	4.8
60	147	5.53
187	229	6.39
154	211	6.62
154	211	4.53
57	145	5.29
275	288	5.06
56	142	4.07
291	298	4.31
154	208	4.75
136	195	4.18
65	145	5.84
137	193	3.55
70	147	5.86
175	218	4.3
64	142	4.52
105	172	4.8
64	141	5.41
57	137	5.14
113	174	4.05
68	144	4.84
119	175	4.41
90	154	4.78
66	136	6.22
138	185	4.56
139	186	4.33
160	202	4.04
77	139	5.4
65	129	6.18
97	152	4.97
64	127	4.81
66	128	5.42
155	195	5.58
159	194	4.44
102	150	3.57
256	272	4.25
87	137	5.91
122	165	3.04
135	171	2.33
103	146	4.47
148	179	5.39
159	187	4.05
200	219	1.35
217	231	3.18
144	173	5.39
155	179	2.3
274	279	3.83
127	155	4.01
85	121	4.49
85	121	5.88
82	118	3.78
82	118	4.43
78	114	4.86
81	116	5.55
100	130	5.7
122	148	4.06
78	112	3.87
123	147	4.92
103	132	4.8
174	189	5.22
103	128	5.15
79	108	5.68
90	117	4.6
88	115	6.33
105	132	2.35
105	132	2.7
80	107	3.73
105	127	5.61
106	127	5.23
107	128	5.76
90	111	5.32
293	293	5.65
111	128	4.42
150	162	4.32
93	111	5.15
94	111	2.75
156	170	5.76
85	102	4.93
164	177	5.68
225	230	6.09
267	268	5.37
98	114	4.54
293	292	5.65
109	119	5.27
215	217	5.08
93	104	5.78
181	185	5.38
300	298	5.88
255	260	2.07
95	101	5.48
91	97	4.47
153	155	2.68
91	96	5.51
151	152	3.13
118	120	5.65
96	99	6.61
96	99	5.88
97	95	4.91
144	145	5.64
226	228	4.63
122	118	5.83
223	218	5.16
95	91	5.71
116	113	4.8
96	91	4.39
149	146	3.49
119	111	3.25
169	162	3.91
169	162	4.82
122	114	4.52
170	165	4.83
109	96	5.19
167	154	4.07
172	165	5.59
121	108	4.93
124	109	5.67
178	163	3.88
178	163	5.7
188	173	3.41
167	149	4.83
118	96	4.54
119	94	6.07
127	103	6.47
139	115	4.91
118	91	6.18
218	202	5.04
227	211	4.85
212	194	4.07
244	231	2.87
109	80	5.32
135	110	5.28
109	78	5.62
144	118	3.46
180	156	4.27
113	80	2.61
140	109	4.35
113	75	5.04
165	133	3.22
183	154	4.99
184	155	5.65
125	86	6.16
122	82	6.14
216	193	4.48
155	121	3.57
175	144	3.37
141	106	5.51
115	73	5.35
158	121	4.54
254	244	5.02
121	78	6.29
148	112	5.38
165	128	5.36
118	71	6.11
122	75	4.92
164	125	4.6
145	105	4.99
145	105	6.08
302	294	5.57
264	247	5.4
160	122	4.31
160	121	6.51
256	243	3
127	78	5.16
131	78	5.64
216	191	3.29
123	67	5.15
147	99	3.66
134	76	5.82
173	127	5.04
136	74	5.53
135	74	6.22
244	215	4.11
128	63	5.5
174	126	4.98
152	92	5.13
177	125	2.8
132	66	4.61
156	101	4.14
186	136	4.55
267	245	5.64
137	70	3.91
133	66	3.8
133	66	3.8
150	89	2.22
155	90	3.6
140	73	6.1
183	128	4.34
132	60	6.51
173	119	5.14
135	64	5.26
139	70	5.93
159	93	3.66
145	73	5.36
168	103	4.66
178	121	5.25
152	79	4.97
190	132	4.64
277	264	5
287	277	6.57
172	110	6
172	110	5.07
176	110	5.23
149	71	4.75
171	102	4.75
144	67	6
148	72	4.51
143	63	5.34
147	69	5.8
147	64	5.41
158	83	3.81
141	54	5.86
142	56	2.63
169	96	5.57
149	66	6.15
143	53	5.39
149	62	3.65
145	55	4.42
150	60	5.71
147	51	5.53
155	64	4.09
147	50	3.54
166	83	5.89
177	94	3.97
166	76	4.63
148	50	5.21
165	77	4.59
259	220	5.11
149	50	3.71
154	58	5.2
149	49	5.09
245	197	2.83
160	67	4.74
181	99	4.79
162	64	5.04
282	263	4.29
168	73	4.59
159	58	4.13
156	54	6.07
169	72	5.87
195	119	4.6
163	61	5.95
171	74	5.63
155	49	6.28
184	91	5.14
184	91	5.59
177	80	3.87
198	120	5.35
161	55	3.85
189	103	5.43
198	118	5.73
161	53	5.54
162	52	4.95
175	71	2.89
174	74	4.14
194	102	3.42
172	63	2.29
167	54	5.47
175	71	2
162	45	5.53
236	170	4.63
218	137	4.65
169	55	5.1
187	87	5.39
182	78	4.98
175	63	4.82
165	41	6.07
168	45	4.16
168	45	4.77
212	121	4.73
211	126	4.72
175	55	2.56
175	55	4.9
237	174	4.01
198	94	4.22
178	56	3.93
241	169	5.57
178	56	4.31
172	44	5.75
171	41	5.63
176	49	6.25
176	49	5
172	40	5.69
177	49	6.13
200	92	4.73
238	158	5.78
293	263	4.68
234	150	6.03
293	262	5.27
214	119	4.23
236	154	4.95
191	67	4.58
192	69	5.67
182	51	6.3
183	51	4
257	192	3.86
176	39	4.93
176	37	5.43
284	256	5.73
180	47	6.09
186	58	5.74
224	125	5.13
176	35	5.46
180	39	5.24
177	34	2.73
230	134	4.97
180	35	5.49
202	81	5.23
202	81	6.66
186	48	5.72
199	66	4.8
219	107	5.44
233	134	4.01
198	68	5.8
183	31	3.23
284	250	5.48
197	55	4.55
283	247	6.36
199	57	2.9
226	119	3.91
187	28	4.82
194	44	3.74
277	219	4.9
297	262	3.86
206	70	4.86
197	45	4.48
210	77	5.2
210	77	5.4
265	191	5.28
208	73	6.41
191	29	5.83
202	50	4.57
202	50	5.92
234	121	4.46
285	249	4.95
195	35	4.57
200	41	4.22
199	42	6.7
218	87	5.53
196	28	4.62
257	180	2.73
209	55	1.06
209	52	4.79
220	76	4.24
227	100	4.83
204	36	4.29
206	44	2.78
198	24	3.82
272	196	5.5
205	42	5.24
208	43	4.45
235	105	4.86
239	125	6.44
201	24	5.63
203	28	4.84
274	213	4.94
297	254	4.23
218	56	2.82
226	75	4.18
233	100	4.2
205	21	5.77
280	208	5.89
208	25	2.54
250	139	5.53
251	139	5.07
251	139	6.53
211	19	5.77
211	19	6.92
217	32	4.91
247	122	4.86
212	18	5.74
228	63	2.81
224	51	5.92
284	210	1.91
237	84	3.48
273	190	4.84
217	16	6.02
229	45	6.72
219	20	5.15
270	163	3.77
220	16	6.07
221	17	5.22
240	67	2.29
225	20	4.64
246	79	3
224	17	5.48
246	78	3.56
252	108	4.82
225	14	5.51
237	54	5.73
252	93	4.7
229	24	6.51
234	41	5.03
253	93	3.62
241	59	5.34
230	14	5.23
230	17	4.39
272	147	3.12
247	62	5.48
239	36	5.57
239	43	6.06
235	28	5.35
270	134	4.06
235	15	3.19
242	41	6.27
245	39	5.74
272	134	5.27
282	190	4.88
238	11	4.82
283	190	6.4
244	26	6.28
305	277	4.21
249	54	3.92
252	61	5.27
256	62	4.83
243	19	4.97
256	67	6.19
246	16	4.89
276	139	4.91
276	139	5.8
261	67	5.41
253	19	2.43
271	91	3.32
258	34	6.2
255	12	5.32
290	191	3.17
264	39	4.33
264	39	5.07
259	16	2.78
259	16	5.39
263	35	3.12
302	212	5.39
259	5	5.89
259	5	4.72
300	200	4.76
270	68	3.16
266	33	5.14
266	33	6.59
270	56	4.8
263	10	5.03
273	69	4.64
269	25	4.39
266	12	4.32
290	166	6.32
285	106	5.21
272	33	3.27
270	33	5.13
273	53	5.38
275	41	5.3
292	140	2.84
293	144	3.31
281	101	5.51
289	119	5.19
274	28	5.7
279	68	5.47
279	68	4.52
277	31	4.16
280	45	4.28
273	4	4.53
273	4	4.34
300	164	3.6
287	67	2.7
289	109	5.83
294	115	2.84
283	29	4.78
283	34	4.41
290	66	1.62
285	40	5.66
294	125	2.79
296	100	4.56
288	25	6.47
294	71	4.26
285	6	5.8
302	135	5.25
296	87	1.86
297	138	4.89
297	138	4.86
285	9	2.08
289	12	3.54
305	201	5.07
289	4	4.58
302	112	4.76
291	29	5.76
303	170	5.23
298	109	5.35
301	72	2.39
294	9	4.24
311	183	3.61
306	122	5.12
300	98	3.82
298	23	4.86
308	204	4.77
297	29	5.56
297	1	2.76
298	29	5.73
298	1	6.16
306	75	2.99
304	37	4.53
312	130	5.68
303	37	3.42
303	0	3.75
308	64	3.19
309	75	4.78
312	128	6.09
312	222	4.57
312	222	5.81
305	31	5.09
310	117	5.02
309	2	6.18
310	107	6.78
313	29	6.18
312	74	5.17
314	32	5.47
315	145	3.73
315	65	3.86
318	4	3.32
319	27	4.74
316	247	5.02
316	95	6.22
317	40	3.7
317	120	2.24
318	43	4.41
320	0	4.62
320	0	4.79
320	13	4.67
320	0	3.93
321	14	6.27
323	307	5.29
322	0	4.42
323	28	5.37
317	221	5.43
321	22	5.18
321	22	4.96
324	3	5.94
324	3	5.24
324	28	5.89
323	20	5.25
323	25	6.22
326	41	4.66
325	114	3.65
325	178	4.33
326	44	2.98
326	0	6.14
327	0	4.03
326	169	5.47
327	23	4.96
330	3	4.64
330	4	3.71
328	44	5.05
329	39	3.84
329	32	5.83
329	32	5.79
330	97	4.52
331	21	4.37
317	301	4.35
331	19	5.1
333	1	5.71
334	27	4.96
320	264	6.11
320	264	5.74
317	303	5.78
337	21	3.84
334	47	4.96
338	23	5.49
339	20	5.96
339	21	5.29
328	237	5.47
339	64	3.1
340	55	6.03
328	181	4.99
335	168	4.35
345	43	2.72
344	29	5.3
348	18	5.76
327	204	5.96
349	1	4.85
346	24	4.92
349	1	3.23
342	62	4.33
345	43	5.61
345	40	5.12
347	57	1.79
352	5	4.66
349	46	5.58
350	24	3.85
353	22	4.81
346	99	3.49
346	74	5.11
346	112	4.1
355	33	2.82
340	172	4.63
357	2	5.2
329	218	4.22
337	155	4.98
328	225	3.55
359	12	4.67
350	99	4.92
361	2	5.38
351	98	5.07
334	188	4.82
354	85	4.62
356	72	6.31
356	72	5.67
364	3	5.93
363	30	5.49
363	31	6.53
368	7	3.85
344	147	4.77
339	219	4.01
372	4	5.76
360	73	0.03
360	77	6.02
373	32	6.22
377	9	4.7
367	73	5.11
379	9	4.88
348	188	5.71
376	40	3.17
382	6	5.02
379	30	5.37
353	142	5.03
370	81	5.2
367	78	4.67
367	78	6.02
367	78	4.59
367	78	5.37
369	71	4.34
369	71	5.73
384	6	5.89
379	26	4.19
368	93	5.46
385	7	4.22
385	8	5.38
369	93	5.6
381	22	4.34
353	174	4.22
384	26	5.22
364	128	5.18
385	30	6.29
377	57	5.93
391	8	6.08
378	56	5.22
377	59	3.52
350	199	4.4
387	29	5.43
389	30	5.68
389	33	4.86
390	33	5
388	41	2.05
336	241	5.37
356	161	4.63
360	166	5.14
379	71	5.58
389	33	4.57
368	133	4.85
396	11	5.58
380	71	4.22
397	10	4.62
397	10	4.98
394	29	5.02
398	11	4.83
394	30	3.52
384	73	4.83
375	96	4.08
399	10	5.56
396	24	5.33
398	19	5.91
399	19	5.27
361	154	5.67
399	21	4.02
388	59	3.25
344	220	4.82
384	91	4.74
390	58	4.94
404	13	4.02
394	52	2.6
406	12	5.4
375	132	5.17
377	109	5
402	34	3.76
367	145	5.51
409	13	5.4
392	75	4.23
392	75	4.99
324	316	5.45
401	48	3.32
407	21	2.99
410	14	3.43
391	87	4.57
410	16	6.09
410	19	5.07
373	136	5.4
395	79	4.11
394	83	4.1
398	61	5.2
394	72	5.25
409	35	2.88
414	16	5.23
357	212	6.25
418	18	5.35
404	59	5.93
421	16	5.14
359	195	6.26
413	46	4.86
373	153	5.13
407	67	6.58
398	84	4.43
416	37	5.65
424	18	5.59
420	34	4.88
417	38	4.76
374	157	5
357	204	3.07
342	248	5.11
402	82	4.35
424	24	5.28
417	42	5.46
427	18	5.1
427	18	6.4
421	36	6.5
383	139	3.8
385	145	5.03
426	26	5.53
427	25	6.03
429	20	4.98
430	19	5.46
400	106	3.96
426	34	3.92
427	31	4.52
400	107	4.27
426	35	5.84
406	93	3.96
349	233	4.45
421	51	5.22
425	48	5.02
426	47	5.45
430	34	6.27
365	196	4.6
419	60	4.99
433	28	5.17
429	43	5.57
436	22	3.36
429	39	5.14
437	22	4.64
430	40	5.6
390	151	6.29
318	314	6.31
414	80	5.17
441	24	5.79
440	26	6.37
429	50	4.44
429	51	5.82
392	138	5.73
434	42	6.34
443	25	5.03
428	59	3.05
429	59	5.12
395	136	3.76
406	124	4.88
422	77	4.74
446	29	4.45
446	32	5.12
438	54	5.64
440	44	5
438	55	4.59
432	64	5.39
450	30	4.93
451	28	4.36
423	86	6.03
451	29	5.45
363	217	4.67
446	40	5.67
403	133	4.49
443	53	6.33
453	30	5.18
450	42	5.3
436	68	4.68
448	44	4.39
456	30	5.64
418	107	5.41
452	39	5.98
450	43	4.39
452	42	5.06
454	37	6.33
455	37	5.28
407	136	5.99
407	136	6.25
446	60	5.5
400	162	5.33
457	40	6.25
454	50	4.87
431	91	4.89
461	35	5.89
460	38	2.72
419	117	2.86
439	82	5
457	49	3.68
463	41	5.75
458	51	5.01
466	41	5.38
466	40	0.76
466	41	5.12
462	53	5.88
457	58	4.9
435	98	5.18
432	104	5.68
470	37	3.87
462	52	6.24
409	149	5.03
434	111	4.12
369	223	3.84
471	42	5.76
367	238	3.97
458	62	4.57
471	42	5.7
471	42	6.49
471	42	4.71
473	39	5.6
458	68	4.7
473	41	3.71
382	211	5.75
459	71	4.54
401	168	5.14
468	51	5.71
472	45	5.28
383	211	5.32
441	100	4.95
471	51	5.01
447	91	3.89
462	70	4.84
414	149	4.91
470	53	5.54
450	93	4.37
451	92	5.3
469	57	3.51
466	64	5.68
472	55	5.33
447	98	5.15
477	52	5.69
464	76	4.43
462	75	4.66
467	70	5.23
423	142	5.06
477	56	5.73
388	210	3.55
485	46	5.67
483	48	5.51
477	57	5.8
421	155	4.93
482	53	6.53
388	202	5.22
476	63	5.09
389	201	6.27
381	216	4.51
357	255	6.2
474	70	5.08
455	99	5.38
489	48	5.97
398	191	5.4
480	67	6.51
457	103	4.93
493	51	3.24
473	79	5.51
490	57	6.34
490	58	5.84
475	80	5.51
476	79	5.91
495	52	5.44
490	62	4.94
401	194	5.7
440	137	4.8
475	86	5.19
440	136	3.8
461	106	4.93
495	61	6.3
416	172	4.28
483	76	5.18
478	85	4.5
486	73	6.11
496	62	4.3
488	75	5.86
356	262	4.38
439	141	3.96
483	79	5.3
496	62	3.58
492	71	5.28
462	112	4.77
465	109	5.58
469	104	5.14
499	64	4.77
498	67	6.09
498	67	3.05
458	126	5.6
458	128	5.64
489	82	5.5
424	178	1.94
405	197	5.71
462	121	2.23
386	225	5.59
479	100	4.43
502	76	5.08
512	65	6.12
504	77	4.77
470	119	5.63
444	153	5.73
504	79	6.74
504	79	5.94
514	66	4.91
487	100	4.01
476	115	5.9
511	70	6.03
447	153	4.94
461	141	5.12
476	117	6.21
418	197	4.75
408	204	4.21
448	154	5.44
514	73	4.03
514	75	5.39
416	202	4.86
369	261	5.99
372	258	6.51
482	115	4.61
457	152	3.11
514	78	4.64
521	72	4.91
501	96	6.4
421	199	5.11
371	254	5.18
501	98	5.59
401	223	5.14
516	80	3.64
519	77	5.42
523	73	4.31
492	109	6.32
517	82	5.24
510	90	4.81
518	80	5.69
506	95	5.06
521	77	5.07
525	74	5.15
515	87	5.15
348	281	5.38
517	83	3.77
350	280	5.96
405	222	3.42
520	83	6.01
449	171	4.51
494	113	5.53
465	148	1.25
522	86	4.43
452	164	5.41
490	123	6.48
398	234	5.41
511	103	4.13
517	97	5.91
510	102	4.92
521	91	6.74
501	113	4.22
474	149	5.11
402	224	5.59
524	90	5.15
524	90	4.27
496	121	2.48
530	85	3.78
533	82	4.43
469	156	4.9
532	83	5.57
433	191	4.52
496	123	4.93
419	206	3.41
491	128	4.53
499	123	4.89
455	174	5.06
530	89	6.01
533	86	6.32
469	155	4.81
502	124	6.06
514	111	4.12
536	86	5.99
475	150	5.06
537	87	5.55
435	198	3.67
511	113	5.66
536	89	4.73
514	111	4.56
530	99	5.78
476	153	4.8
347	288	5.75
513	116	6.55
514	115	5.03
535	96	5.19
536	94	5.54
540	93	5.49
371	270	5.13
488	147	3.94
540	96	5.51
527	109	5.3
533	105	6.26
544	93	5.3
512	129	4.67
546	95	6.21
472	167	4.74
499	145	5.32
477	164	5.38
453	192	5.17
549	98	7.31
549	98	5.89
536	111	4.82
549	99	5.63
494	155	5.55
520	129	5.69
541	109	4.08
516	134	5.2
550	100	5.94
486	160	3.72
531	121	4.49
518	131	5.77
501	148	5.2
501	148	6.05
538	117	5.3
476	172	4.56
540	117	6.25
401	247	5.06
550	107	4.5
522	131	5.6
552	107	4.7
552	107	6.07
531	131	5.41
367	274	5.91
406	240	7.33
526	135	3.21
556	111	4.47
545	123	5.17
552	117	5.31
509	153	3.74
560	110	3.92
525	144	4.71
551	122	5.4
552	122	7.18
465	197	4.39
562	113	5.83
507	158	4.22
519	149	4.41
506	164	4.8
495	170	5.04
406	250	6.28
565	116	5.87
432	224	2.45
564	117	5.81
545	132	5.58
556	125	4.28
423	232	5.19
552	128	4.08
564	120	5.99
565	118	5.16
507	168	5.76
424	237	4.21
552	131	5.38
562	123	5.48
464	204	6.1
569	119	6.38
566	122	5.71
408	251	5.47
569	120	5.48
552	136	3.77
554	135	5.78
520	160	5.93
554	137	4.5
536	152	6.52
520	162	5.3
543	145	5.39
552	141	4.52
419	242	5.42
494	185	5.22
512	175	5.29
532	160	5.97
573	127	2.9
404	254	3.23
562	142	5.7
499	186	3.98
552	151	5.73
377	280	3.73
521	171	4.87
537	163	6.1
564	143	4.51
501	187	5.96
577	135	4.68
578	135	6.19
517	177	5.04
565	144	5.46
579	135	5.66
504	187	6.19
581	136	5.1
571	144	3.69
441	232	4.76
354	298	5.27
575	143	5.16
510	186	5.09
562	153	5.24
583	138	5.66
570	149	4.72
582	139	5.3
519	182	6.07
576	145	5.88
534	172	5.98
519	183	5.73
485	206	4.69
576	146	5.96
543	170	4.35
527	179	5.69
581	143	2.38
552	163	4.49
552	163	6.08
582	144	5.1
573	149	4.34
559	159	4.14
457	226	4.23
404	261	4.55
583	146	6
582	147	5.57
565	157	5.29
577	151	2.85
400	265	5.18
550	170	5.02
587	145	5.63
414	260	5.52
448	234	4.25
494	205	4.23
451	234	5.53
553	171	5.07
577	155	5.34
584	156	5.08
536	187	3
558	171	5.52
564	168	5.09
465	232	6.17
478	226	4.4
462	236	6.13
470	228	5.74
588	159	5.54
442	247	5.11
595	161	6
564	180	5.43
473	234	4.69
597	161	5.6
590	165	5.61
595	163	5.65
586	169	6.39
400	273	5.04
597	164	5.55
599	164	4.74
593	167	5.83
562	185	6.45
467	236	5.55
462	242	5.62
600	165	5.29
536	202	4.47
599	167	4.86
601	167	2.95
446	249	5.26
439	253	4.26
593	172	4.29
565	185	5.69
512	217	1.73
448	249	5.27
450	248	5.07
574	183	3.77
557	194	4.5
554	195	4.99
582	180	5.79
588	178	5.8
559	195	4.94
517	215	6.11
557	195	5.58
602	173	3.52
598	175	5.43
557	196	4.28
585	182	6.45
596	179	6.04
469	242	3.39
406	275	4.79
464	245	5.05
382	290	5.49
573	194	5.45
587	187	5.33
368	297	5.09
535	214	4.79
535	215	5.11
476	243	4.18
600	184	5.34
547	209	4.14
605	182	4.17
463	251	2.87
607	181	5.75
340	311	5.76
601	187	5.96
452	257	5.75
607	186	5.35
608	186	5.37
409	280	5.28
590	196	5.12
610	186	3.86
604	189	4.82
522	228	6.42
575	202	4.78
519	227	4.55
522	228	5.62
585	201	5.53
593	197	6.2
611	190	5.79
604	194	5.76
498	239	4.42
612	191	4.8
444	266	4.51
510	235	4.55
601	198	6.57
601	198	6.35
612	193	5.76
613	195	4.78
548	223	5.47
534	230	3.97
615	196	3.65
615	196	4.42
533	231	4.12
443	266	5.52
611	197	5.6
614	197	5.51
606	201	6.36
585	211	6.43
474	255	4.07
518	237	4.34
610	200	4.82
569	216	5.64
570	218	4.29
377	295	5.83
535	231	4.52
459	264	4.91
611	201	6.39
509	242	3.76
598	208	6.43
617	202	5.88
377	296	5.45
598	211	5.21
618	204	4.04
547	233	6.28
547	233	5.85
550	231	6.6
618	207	5.04
506	249	4.64
404	287	5.08
602	215	5.84
553	234	4.89
603	216	6.33
453	270	5.19
588	223	4.18
365	304	4.13
535	242	4.5
616	214	3.41
526	247	2.07
583	227	6.12
550	237	5.25
582	226	4.8
546	241	4.84
619	215	6.4
606	220	4.68
581	228	2.93
500	259	4.84
545	242	5.11
606	223	6.27
372	303	5.32
616	221	4.2
598	227	3.97
606	226	5.24
615	223	5.68
510	258	3.49
619	223	6.19
616	225	4.05
597	232	3.51
547	248	5.91
586	237	5.99
443	280	3.5
577	242	4.46
621	228	5.16
623	228	3.73
542	251	4.95
522	259	6.03
424	289	6.04
620	230	5.8
615	233	3.27
624	230	6.2
614	233	5.53
627	230	6.11
623	231	4.91
579	245	4.2
526	261	5.72
550	254	5.6
587	245	1.17
608	239	5.45
523	262	5.34
622	237	5.76
628	236	5.43
507	270	4.11
629	238	6.22
627	239	6.23
549	260	3.62
627	241	6.18
547	261	5.09
574	255	5.12
629	242	4.48
502	274	5.37
593	251	2.44
519	270	4.64
619	246	2.49
628	244	5.44
545	266	4.28
605	252	4.48
562	262	5.62
627	247	4.54
601	253	4.76
478	282	4.84
534	270	5.3
523	272	5.68
631	248	5.42
611	254	3.68
628	250	5.05
608	255	4.71
398	301	4.41
540	271	3.88
627	251	5.39
479	284	5.68
546	270	5.91
629	253	5.15
599	260	6.19
523	277	4.53
631	256	4.22
630	259	4.24
596	265	6.51
485	288	3.99
631	260	4.93
633	260	3.7
630	262	4.41
558	276	5.54
526	281	4.82
333	318	5.5
585	271	4.41
554	276	5.98
630	263	4.99
626	264	5.2
633	263	5.56
437	298	4.75
528	282	5.44
553	278	5.81
633	265	5.05
608	269	4.58
591	273	5.58
567	277	5.77
588	275	5.35
624	269	5.19
615	271	6.28
616	271	3.96
628	269	5.09
587	278	5.56
467	297	4.96
610	275	4.42
616	275	4.38
511	291	5.53
636	273	4.95
636	274	6.26
551	286	5.75
606	279	5.99
634	275	4.27
629	278	4.54
485	298	4.89
565	289	5.22
615	283	6.24
637	280	6.39
571	290	4.38
616	285	4.7
613	285	5.33
591	288	4.97
637	283	5.91
562	293	5.55
585	290	5.63
554	294	4.69
638	287	5.68
624	290	6.26
539	298	3.81
622	290	5.49
551	297	4.29
538	300	6.07
522	301	5.35
628	292	4.97
637	292	4.13
388	313	3.21
590	297	5.3
548	300	4.15
623	295	5.36
623	295	4.82
638	294	4.49
628	296	4.49
633	297	5.09
627	298	6.36
598	300	4.93
623	299	5.24
622	301	5.28
540	306	4.97
638	301	4.95
524	308	5.18
486	310	4.88
639	303	5.49
601	306	4.59
468	312	5.43
639	305	5.77
600	307	5.95
635	308	5.77
622	308	5.17
364	318	5.1
639	308	5.59
622	310	5.06
634	309	5.3
635	310	5.76
639	310	5.93
639	310	6.29
491	315	4.51
637	313	6.22
492	316	6.03
357	319	6.57
363	319	5.72
458	318	5
609	317	4.63
627	317	6.28
519	318	4.8
639	318	4.88
513	319	5.13
500	319	4.88
637	319	4.03
452	319	4.49
545	320	6.36
530	320	5.71
391	320	4.78
639	322	5.13
604	322	5.8
638	322	4.37
597	322	5.04
636	323	6.33
636	323	5.7
625	324	4.55
468	322	5.9
634	326	4.99
